1 0
1 0
1 0
2 0
2 0
3 0
3 0
4 0
4 0
5 0
5 0
5 0
1 0
1 0
1 0
2 0
2 0
3 0
3 0
4 0
5 13164
7 26345
8 32930
10 39511
11 52660
13 59244
14 72478
16 79059
17 92237
19 98815
20 111987
21 118547
23 131693
24 138251
26 151311
27 157837
29 164362
30 177300
32 183776
33 196765
35 203290
36 216309
38 222810
39 235820
41 242331
42 255339
44 261855
45 274946
47 281432
48 294493
50 301001
51 307556
52 320967
54 327653
55 341160
57 347971
58 361673
60 368520
61 382181
63 389064
64 402764
66 409582
67 423197
69 430045
70 443701
72 450399
73 464047
75 471031
76 484985
78 491893
79 505669
81 512584
82 519439
84 532979
85 546360
87 553023
88 566248
90 572862
